343.77567,453.38437,0.41903678,0.0,0.0,0.0
343.755,453.38364,0.41707417,0.0,0.0,0.0
342.46045,452.0659,0.42373776,0.0,0.0,0.0
341.18387,452.07474,0.41528797,0.0,0.0,0.0
335.92096,445.5709,0.46975067,0.0,0.0,0.0
337.2408,445.57303,0.48167625,0.0,0.0,0.0
339.82593,444.2493,0.4936847,0.0,0.0,0.0
338.55865,445.56308,0.48756257,0.0,0.0,0.0
339.84213,445.56647,0.47589952,0.0,0.0,0.0
339.86288,444.28598,0.48677233,0.0,0.0,0.0
339.85245,445.5489,0.4828969,0.0,0.0,0.0
339.89325,445.54865,0.48854795,0.0,0.0,0.0
339.80725,444.29175,0.49604276,0.0,0.0,0.0
339.88754,445.58112,0.47425517,0.0,0.0,0.0
339.86533,445.5542,0.48896694,0.0,0.0,0.0
339.8497,445.5647,0.48518506,0.0,0.0,0.0
341.15054,445.56793,0.473048,0.0,0.0,0.0
341.1585,444.2774,0.48856542,0.0,0.0,0.0
341.15823,444.28757,0.4852229,0.0,0.0,0.0
339.85257,444.28336,0.5017222,0.0,0.0,0.0
339.85944,445.56332,0.47491255,0.0,0.0,0.0
338.55814,445.57144,0.48823708,0.0,0.0,0.0
339.8143,445.58035,0.49002838,0.0,0.0,0.0
339.83868,446.8754,0.48105994,0.0,0.0,0.0
339.82544,446.8767,0.48038384,0.0,0.0,0.0
338.50208,445.58844,0.49248788,0.0,0.0,0.0
338.51712,446.85898,0.50149304,0.0,0.0,0.0
338.4931,444.302,0.5141558,0.0,0.0,0.0
337.22455,445.59204,0.5028602,0.0,0.0,0.0
337.23807,444.2875,0.50005496,0.0,0.0,0.0
338.492,445.57068,0.5024336,0.0,0.0,0.0
337.2404,445.5767,0.489897,0.0,0.0,0.0
338.51477,444.2881,0.4972818,0.0,0.0,0.0
337.2375,445.55826,0.48918977,0.0,0.0,0.0
338.51672,445.59378,0.5014352,0.0,0.0,0.0
338.53973,445.57132,0.4896186,0.0,0.0,0.0
339.82007,449.48022,0.47100174,0.0,0.0,0.0
339.82227,452.0739,0.44714865,0.0,0.0,0.0
338.5103,452.06778,0.44935662,0.0,0.0,0.0
338.5054,450.78406,0.45461658,0.0,0.0,0.0
337.2375,449.4931,0.4510543,0.0,0.0,0.0
335.93494,446.8711,0.44451177,0.0,0.0,0.0
333.30545,449.47696,0.44024682,0.0,0.0,0.0
330.7271,448.17352,0.45760673,0.0,0.0,0.0
330.70804,448.16245,0.46641994,0.0,0.0,0.0
330.69885,449.4665,0.46448252,0.0,0.0,0.0
329.41785,449.46973,0.464457,0.0,0.0,0.0
328.10645,448.18845,0.4718996,0.0,0.0,0.0
328.08746,448.17032,0.47981483,0.0,0.0,0.0
328.06763,446.87677,0.47739977,0.0,0.0,0.0
328.0566,446.8736,0.47323057,0.0,0.0,0.0
326.79846,449.49283,0.4450828,0.0,0.0,0.0
328.1061,445.58185,0.48240563,0.0,0.0,0.0
328.13306,446.87842,0.45071048,0.0,0.0,0.0
328.10684,448.16876,0.45747548,0.0,0.0,0.0
328.1044,448.18192,0.4472356,0.0,0.0,0.0
328.12048,448.17136,0.4550258,0.0,0.0,0.0
328.0598,446.87088,0.4645112,0.0,0.0,0.0
328.07767,446.8627,0.46857986,0.0,0.0,0.0
326.8055,444.29443,0.49216813,0.0,0.0,0.0
326.76556,444.2977,0.49120596,0.0,0.0,0.0
326.80328,445.55618,0.47974104,0.0,0.0,0.0
326.77725,444.29047,0.4828598,0.0,0.0,0.0
328.0607,445.57132,0.48567325,0.0,0.0,0.0
326.79147,445.59366,0.47030446,0.0,0.0,0.0
328.061,445.56784,0.4910084,0.0,0.0,0.0
328.098,446.88248,0.48648006,0.0,0.0,0.0
328.11575,445.59116,0.48457795,0.0,0.0,0.0
329.39136,444.2827,0.489959,0.0,0.0,0.0
330.73404,442.96136,0.48787603,0.0,0.0,0.0
335.90637,444.24786,0.49125904,0.0,0.0,0.0
334.62582,442.9782,0.4853858,0.0,0.0,0.0
337.2002,442.93164,0.4928086,0.0,0.0,0.0
337.21234,442.91638,0.49978423,0.0,0.0,0.0
335.94205,441.617,0.48739305,0.0,0.0,0.0
337.2507,440.34872,0.49587983,0.0,0.0,0.0
337.23926,442.91934,0.47584054,0.0,0.0,0.0
338.5645,442.93542,0.47929597,0.0,0.0,0.0
338.546,442.95706,0.48078156,0.0,0.0,0.0
339.81506,442.96045,0.4766622,0.0,0.0,0.0
339.86838,444.24823,0.46323323,0.0,0.0,0.0
339.8436,442.94638,0.48635137,0.0,0.0,0.0
339.85922,442.97977,0.4762024,0.0,0.0,0.0
339.85175,444.27518,0.46407065,0.0,0.0,0.0
339.8244,444.25253,0.46516436,0.0,0.0,0.0
337.25504,444.2719,0.47408316,0.0,0.0,0.0
338.5026,442.92963,0.5001259,0.0,0.0,0.0
337.25427,442.9311,0.48815173,0.0,0.0,0.0
335.93335,442.96146,0.48649693,0.0,0.0,0.0
335.92203,442.927,0.48855305,0.0,0.0,0.0
335.91092,442.95834,0.47893858,0.0,0.0,0.0
335.93494,442.92642,0.48411334,0.0,0.0,0.0
334.63828,442.94836,0.47961944,0.0,0.0,0.0
334.60733,444.2625,0.4636484,0.0,0.0,0.0
333.33508,445.55197,0.45697758,0.0,0.0,0.0
337.21027,444.24643,0.4896157,0.0,0.0,0.0
335.92633,444.27893,0.46561486,0.0,0.0,0.0
337.21542,445.5581,0.4554028,0.0,0.0,0.0
335.93857,448.17,0.44666296,0.0,0.0,0.0
337.20642,449.47217,0.43213212,0.0,0.0,0.0
337.232,449.4904,0.42439637,0.0,0.0,0.0
337.23416,450.7698,0.41670364,0.0,0.0,0.0
337.227,450.80008,0.42601454,0.0,0.0,0.0
338.50247,452.07462,0.42174283,0.0,0.0,0.0
335.9164,452.0655,0.4093905,0.0,0.0,0.0
338.5056,452.08044,0.4104939,0.0,0.0,0.0
337.2442,453.38382,0.43221605,0.0,0.0,0.0
338.5093,452.10333,0.44685128,0.0,0.0,0.0
338.54462,452.07028,0.45458123,0.0,0.0,0.0
339.87292,452.08582,0.42549634,0.0,0.0,0.0
339.86145,450.78732,0.44436297,0.0,0.0,0.0
339.86578,452.07227,0.4381175,0.0,0.0,0.0
339.84033,450.78943,0.43996373,0.0,0.0,0.0
339.85043,452.073,0.4461747,0.0,0.0,0.0
339.8758,452.0746,0.4352243,0.0,0.0,0.0
339.85495,452.0907,0.44277352,0.0,0.0,0.0
339.81897,452.10672,0.4546935,0.0,0.0,0.0
339.86148,453.38107,0.4491449,0.0,0.0,0.0
339.85358,452.093,0.4467864,0.0,0.0,0.0
341.15317,453.38373,0.4353892,0.0,0.0,0.0
341.13266,453.39542,0.42272067,0.0,0.0,0.0
339.86575,453.3875,0.43100762,0.0,0.0,0.0
339.8841,453.3893,0.44057196,0.0,0.0,0.0
341.17978,453.3846,0.42973632,0.0,0.0,0.0
343.7477,453.3845,0.4221143,0.0,0.0,0.0
339.88098,453.37128,0.4446686,0.0,0.0,0.0
342.43845,453.3906,0.42339224,0.0,0.0,0.0
341.1458,453.41083,0.43088523,0.0,0.0,0.0
341.13867,453.38614,0.42887545,0.0,0.0,0.0
341.1834,453.39816,0.4318421,0.0,0.0,0.0
342.44604,453.40826,0.41750455,0.0,0.0,0.0
342.47375,453.4014,0.4339015,0.0,0.0,0.0
343.76822,453.3847,0.4361468,0.0,0.0,0.0
343.75726,453.41147,0.41320524,0.0,0.0,0.0
343.77097,453.39212,0.41615784,0.0,0.0,0.0
342.47238,452.09772,0.42647928,0.0,0.0,0.0
342.46863,450.78717,0.41335276,0.0,0.0,0.0
343.74704,452.06497,0.42444387,0.0,0.0,0.0
342.45212,450.78757,0.4193555,0.0,0.0,0.0
341.1777,449.49167,0.43076932,0.0,0.0,0.0
342.46942,452.06653,0.421255,0.0,0.0,0.0
341.17313,449.4665,0.4259798,0.0,0.0,0.0
341.1695,452.08716,0.4270569,0.0,0.0,0.0
341.14664,450.79636,0.42816812,0.0,0.0,0.0
342.45624,449.48047,0.43057323,0.0,0.0,0.0
342.4706,450.79044,0.41530502,0.0,0.0,0.0
345.07483,452.08688,0.42177936,0.0,0.0,0.0
341.17825,452.06842,0.43643793,0.0,0.0,0.0
343.76938,450.7996,0.4198112,0.0,0.0,0.0
342.45795,450.7747,0.43156052,0.0,0.0,0.0
342.4744,450.78845,0.4242185,0.0,0.0,0.0
343.7626,452.09512,0.42027944,0.0,0.0,0.0
342.4483,452.06934,0.41985473,0.0,0.0,0.0
342.44595,452.104,0.40854862,0.0,0.0,0.0
341.14752,449.49518,0.4253354,0.0,0.0,0.0
341.16953,452.0692,0.42664054,0.0,0.0,0.0
341.15866,452.1017,0.41987485,0.0,0.0,0.0
341.14102,452.07916,0.43739477,0.0,0.0,0.0
342.45206,450.77722,0.42179307,0.0,0.0,0.0
341.15,452.09174,0.4305446,0.0,0.0,0.0
342.4429,453.37607,0.4184075,0.0,0.0,0.0
343.76428,450.79968,0.41603652,0.0,0.0,0.0
342.44702,452.1016,0.42786977,0.0,0.0,0.0
341.1864,449.49295,0.43392557,0.0,0.0,0.0
339.86652,450.78232,0.43667656,0.0,0.0,0.0
341.1461,450.78036,0.43817392,0.0,0.0,0.0
339.8753,452.08716,0.43680495,0.0,0.0,0.0
341.17975,450.78546,0.43827206,0.0,0.0,0.0
341.1355,450.76553,0.4378809,0.0,0.0,0.0
341.15594,452.0785,0.44830972,0.0,0.0,0.0
341.1396,450.794,0.4460537,0.0,0.0,0.0
341.1444,449.49542,0.44573823,0.0,0.0,0.0
341.15543,452.09512,0.4473968,0.0,0.0,0.0
341.13724,450.79138,0.44618878,0.0,0.0,0.0
334.63773,446.88977,0.4365404,0.0,0.0,0.0
337.21948,445.59152,0.45553026,0.0,0.0,0.0
335.94327,446.8572,0.4503808,0.0,0.0,0.0
337.2444,444.296,0.4691285,0.0,0.0,0.0
338.50027,445.5789,0.46647415,0.0,0.0,0.0
338.50626,445.55527,0.47026044,0.0,0.0,0.0
338.53384,445.57266,0.46823838,0.0,0.0,0.0
338.52948,446.86908,0.45516425,0.0,0.0,0.0
561.7188,145.38376,0.3689167,572.16254,437.73386,0.11550483
557.8037,140.1611,0.47486764,564.32465,432.51883,0.12477682
555.2063,142.75836,0.44695348,564.3244,440.3461,0.13208413
551.28156,146.66515,0.49246937,561.72485,442.94608,0.14747694
555.18304,142.7474,0.4919548,557.8254,440.34036,0.15930745
555.20197,144.074,0.49047515,560.41583,433.82077,0.1272769
551.2791,144.08957,0.47005445,557.8069,416.85367,0.12188306
549.9821,144.09137,0.5415764,560.4179,425.9906,0.100455254
547.39233,144.0664,0.4339655,568.23425,418.1604,0.15485789
551.2745,142.76567,0.40108874,561.725,428.59818,0.0879897
551.27295,142.79193,0.5060417,569.55005,425.99252,0.08918004
555.2081,142.77374,0.46729386,563.0374,432.51233,0.06531517
557.8362,142.77745,0.52724653,0.0,0.0,0.0
557.8073,141.46484,0.5451927,555.20575,448.18164,0.1125775
563.02496,142.78069,0.46006036,0.0,0.0,0.0
568.255,144.06415,0.43313205,0.0,0.0,0.0
569.55347,142.78201,0.4128676,0.0,0.0,0.0
569.5443,149.26988,0.44668743,0.0,0.0,0.0
569.5811,142.74847,0.28094777,0.0,0.0,0.0
566.9308,141.48206,0.119729206,0.0,0.0,0.0
564.35175,142.7658,0.08682319,0.0,0.0,0.0
572.1794,145.36078,0.23064151,0.0,0.0,0.0
577.37964,149.27713,0.34661943,0.0,0.0,0.0
578.6555,149.26866,0.40390113,0.0,0.0,0.0
578.65436,146.67967,0.42657384,0.0,0.0,0.0
0.0,0.0,0.0,0.0,0.0,0.0
569.5388,144.05911,0.12504923,0.0,0.0,0.0
576.08984,150.55286,0.38846242,0.0,0.0,0.0
568.21277,147.99875,0.26151866,0.0,0.0,0.0
568.26025,147.99397,0.41452944,0.0,0.0,0.0
568.24774,144.07545,0.44858664,0.0,0.0,0.0
566.9496,140.17606,0.50600594,0.0,0.0,0.0
560.4474,141.49779,0.5302295,0.0,0.0,0.0
560.4456,141.46353,0.5346901,0.0,0.0,0.0
557.8187,140.17026,0.56910676,0.0,0.0,0.0
555.1968,140.14926,0.57638085,553.88525,450.78287,0.10366187
552.5959,140.12695,0.5826337,549.9881,446.87177,0.12555493
556.4853,140.16144,0.5300416,556.5044,450.78983,0.12022205
552.6046,137.52924,0.44912076,555.196,444.25836,0.16378425
551.2925,140.13339,0.48234543,556.4995,441.64584,0.13777135
556.4793,140.15208,0.51625663,563.0431,431.21106,0.12008811
559.0856,141.44847,0.5114024,0.0,0.0,0.0
565.6495,140.12001,0.5243074,0.0,0.0,0.0
335.93643,452.08298,0.4342519,0.0,0.0,0.0
334.62643,452.08716,0.41761264,0.0,0.0,0.0
335.94525,450.77148,0.4334385,0.0,0.0,0.0
334.60776,453.39078,0.4174994,0.0,0.0,0.0
335.92038,452.08533,0.4264261,0.0,0.0,0.0
335.94568,449.4666,0.44543812,0.0,0.0,0.0
335.9078,450.78888,0.42793983,0.0,0.0,0.0
335.93112,449.48343,0.4335974,0.0,0.0,0.0
335.938,449.479,0.43143845,0.0,0.0,0.0
337.2465,444.26932,0.493344,0.0,0.0,0.0
338.5059,445.59375,0.47145987,0.0,0.0,0.0
338.54208,445.5699,0.47749197,0.0,0.0,0.0
339.81558,445.5846,0.4681926,0.0,0.0,0.0
341.1327,446.88092,0.46172377,0.0,0.0,0.0
339.85956,448.16092,0.45996338,0.0,0.0,0.0
341.14053,446.86334,0.46614683,0.0,0.0,0.0
339.8331,448.17776,0.4498002,0.0,0.0,0.0
338.5313,446.8788,0.45121628,0.0,0.0,0.0
338.54077,446.88358,0.4473305,0.0,0.0,0.0
338.4956,445.56613,0.458416,0.0,0.0,0.0
338.51474,445.56595,0.46064603,0.0,0.0,0.0
338.55396,445.55948,0.46534654,0.0,0.0,0.0
341.1426,445.5541,0.44173297,0.0,0.0,0.0
339.87753,446.89047,0.43297008,0.0,0.0,0.0
339.86465,448.18936,0.4230891,0.0,0.0,0.0
341.15903,448.18387,0.42680743,0.0,0.0,0.0
341.14755,445.57858,0.43846065,0.0,0.0,0.0
341.18558,448.17633,0.42164385,0.0,0.0,0.0
339.89215,446.87375,0.4480909,0.0,0.0,0.0
341.18237,448.16754,0.4325635,0.0,0.0,0.0
342.45926,446.8603,0.44239476,0.0,0.0,0.0
341.1562,446.87375,0.43672985,0.0,0.0,0.0
342.45294,446.88943,0.4275312,0.0,0.0,0.0
341.18124,448.1731,0.42983595,0.0,0.0,0.0
341.14874,446.8745,0.43563706,0.0,0.0,0.0
339.88922,449.47363,0.42440453,0.0,0.0,0.0
341.15756,446.88144,0.42197233,0.0,0.0,0.0
341.146,445.57938,0.4417004,0.0,0.0,0.0
339.87292,445.5851,0.44727954,0.0,0.0,0.0
341.18106,445.56702,0.4370891,0.0,0.0,0.0
341.1462,446.8719,0.43497032,0.0,0.0,0.0
341.16376,445.55673,0.44803706,0.0,0.0,0.0
341.1645,444.25113,0.45525813,0.0,0.0,0.0
341.13986,444.27155,0.45730126,0.0,0.0,0.0
342.44165,445.5555,0.44019213,0.0,0.0,0.0
342.44623,445.58804,0.4226046,0.0,0.0,0.0
342.46756,444.26605,0.43904704,0.0,0.0,0.0
339.8775,448.16217,0.42533985,0.0,0.0,0.0
341.1449,445.56534,0.42985484,0.0,0.0,0.0
339.8838,445.56503,0.4497223,0.0,0.0,0.0
342.43927,445.56332,0.43573976,0.0,0.0,0.0
341.1399,444.28616,0.44671446,0.0,0.0,0.0
342.4538,444.24973,0.44653377,0.0,0.0,0.0
341.13348,444.26624,0.4502866,0.0,0.0,0.0
339.85373,444.2787,0.43865877,0.0,0.0,0.0
339.8596,448.19064,0.4171196,0.0,0.0,0.0
339.84525,444.27283,0.44091132,0.0,0.0,0.0
339.8467,445.5891,0.41543767,0.0,0.0,0.0
339.88403,445.57666,0.4293842,0.0,0.0,0.0
339.85468,449.4717,0.42089638,0.0,0.0,0.0
339.86057,446.86792,0.42779902,0.0,0.0,0.0
341.18204,444.28177,0.4205094,0.0,0.0,0.0
339.88272,448.168,0.41433212,0.0,0.0,0.0
341.16318,444.28754,0.43209437,0.0,0.0,0.0
341.16043,444.28232,0.43263125,0.0,0.0,0.0
341.1447,445.57312,0.422902,0.0,0.0,0.0
342.45325,444.29117,0.42075908,0.0,0.0,0.0
341.1618,444.25018,0.44942826,0.0,0.0,0.0
341.17117,445.57324,0.42421252,0.0,0.0,0.0
341.18237,444.2823,0.43042737,0.0,0.0,0.0
342.448,445.55542,0.423706,0.0,0.0,0.0
341.16333,444.25793,0.4476312,0.0,0.0,0.0
341.15656,446.86118,0.4142742,0.0,0.0,0.0
339.88675,445.56763,0.41788253,0.0,0.0,0.0
339.8763,445.56073,0.4417162,0.0,0.0,0.0
341.18073,444.28314,0.42607954,0.0,0.0,0.0
341.1658,444.26767,0.43214133,0.0,0.0,0.0
339.87854,445.56024,0.42678514,0.0,0.0,0.0
339.85147,446.87073,0.42199636,0.0,0.0,0.0
339.8716,448.17917,0.43379736,0.0,0.0,0.0
339.8364,446.86407,0.42345646,0.0,0.0,0.0
341.14627,444.2894,0.42616087,0.0,0.0,0.0
341.16382,445.57483,0.41882578,0.0,0.0,0.0
339.86023,445.57538,0.4254236,0.0,0.0,0.0
339.8733,444.2875,0.42728075,0.0,0.0,0.0
339.881,445.58243,0.43200535,0.0,0.0,0.0
341.14,444.2882,0.4397393,0.0,0.0,0.0
341.14676,444.28287,0.44605157,0.0,0.0,0.0
339.86636,446.86322,0.43191007,0.0,0.0,0.0
341.1451,445.56323,0.42406034,0.0,0.0,0.0
339.8808,445.58545,0.4305453,0.0,0.0,0.0
341.17368,444.25894,0.4430335,0.0,0.0,0.0
339.88562,444.2832,0.44881463,0.0,0.0,0.0
339.87436,444.2918,0.44282007,0.0,0.0,0.0
339.87567,446.886,0.4321872,0.0,0.0,0.0
341.13275,446.85547,0.43658295,0.0,0.0,0.0
339.88654,445.57645,0.4460575,0.0,0.0,0.0
339.8913,446.87375,0.43641767,0.0,0.0,0.0
339.87268,445.57697,0.46479508,0.0,0.0,0.0
339.87836,446.88455,0.4418186,0.0,0.0,0.0
339.89032,445.57953,0.45441708,0.0,0.0,0.0
339.88568,448.16562,0.43719596,0.0,0.0,0.0
341.13763,446.8766,0.44147626,0.0,0.0,0.0
339.85806,446.88318,0.44874957,0.0,0.0,0.0
339.87866,446.87753,0.45391488,0.0,0.0,0.0
339.8616,448.1695,0.44409338,0.0,0.0,0.0
339.85556,445.5663,0.4533014,0.0,0.0,0.0
339.8734,446.85742,0.45682648,0.0,0.0,0.0
339.83438,446.8683,0.4587724,0.0,0.0,0.0
339.84372,445.55203,0.4753864,0.0,0.0,0.0
339.86182,445.57834,0.46278188,0.0,0.0,0.0
339.8531,445.58813,0.4616526,0.0,0.0,0.0
338.5778,445.5527,0.4759524,0.0,0.0,0.0
338.5617,445.5832,0.4717385,0.0,0.0,0.0
339.8229,445.58972,0.4678806,0.0,0.0,0.0
338.54672,446.8688,0.45776978,0.0,0.0,0.0
338.56778,446.85748,0.4648993,0.0,0.0,0.0
339.81183,446.8798,0.4613039,0.0,0.0,0.0
338.55344,446.88858,0.46848342,0.0,0.0,0.0
338.5409,446.87753,0.46672055,0.0,0.0,0.0
338.57687,445.55396,0.47687703,0.0,0.0,0.0
338.54572,445.5921,0.46760404,0.0,0.0,0.0
338.55527,445.58255,0.47052035,0.0,0.0,0.0
338.5659,445.5851,0.46330076,0.0,0.0,0.0
339.81226,446.89114,0.4571177,0.0,0.0,0.0
338.56674,446.85938,0.46650273,0.0,0.0,0.0
339.82114,445.59055,0.4652782,0.0,0.0,0.0
339.82986,445.57617,0.4670923,0.0,0.0,0.0
587.8421,146.69347,0.40779468,0.0,0.0,0.0
590.4077,146.66779,0.45043385,0.0,0.0,0.0
587.814,149.27812,0.4461509,0.0,0.0,0.0
589.14105,146.68666,0.45592332,0.0,0.0,0.0
589.1601,146.68846,0.45172882,0.0,0.0,0.0
590.4246,145.35976,0.4496316,0.0,0.0,0.0
589.1517,145.39417,0.4477786,0.0,0.0,0.0
589.1424,146.69705,0.44438127,0.0,0.0,0.0
589.1098,150.60413,0.44054815,0.0,0.0,0.0
590.47296,147.97008,0.43197402,0.0,0.0,0.0
589.1543,150.60057,0.41569293,0.0,0.0,0.0
589.1526,149.25984,0.43414718,0.0,0.0,0.0
590.46124,150.57755,0.43960112,0.0,0.0,0.0
590.4375,150.56808,0.44635195,0.0,0.0,0.0
590.47723,149.29744,0.44918656,0.0,0.0,0.0
591.7446,149.28625,0.4490336,0.0,0.0,0.0
590.4747,146.6626,0.45290065,0.0,0.0,0.0
591.76056,147.97899,0.44783518,0.0,0.0,0.0
591.75977,146.69058,0.442781,0.0,0.0,0.0
591.7449,145.3757,0.46323305,0.0,0.0,0.0
593.0378,146.66902,0.4408484,0.0,0.0,0.0
591.7356,144.08394,0.4597138,0.0,0.0,0.0
594.3581,145.3743,0.4335419,0.0,0.0,0.0
594.3461,146.67203,0.42532113,0.0,0.0,0.0
594.3718,147.96481,0.42583862,0.0,0.0,0.0
591.764,146.69232,0.42615017,0.0,0.0,0.0
591.7614,149.26399,0.4233993,0.0,0.0,0.0
593.0432,146.69476,0.428346,0.0,0.0,0.0
591.7601,144.06284,0.43773243,0.0,0.0,0.0
338.53217,449.48917,0.42941797,0.0,0.0,0.0
338.5465,448.17984,0.44157717,0.0,0.0,0.0
339.83603,449.48425,0.43347263,0.0,0.0,0.0
338.5384,449.48053,0.4278929,0.0,0.0,0.0
338.564,448.19122,0.43706354,0.0,0.0,0.0
338.53262,449.4691,0.4373469,0.0,0.0,0.0
591.74384,144.07187,0.43149152,0.0,0.0,0.0
590.4123,149.30426,0.4053143,0.0,0.0,0.0
589.11646,149.26163,0.41529816,0.0,0.0,0.0
587.8389,149.27153,0.39015293,0.0,0.0,0.0
587.8415,150.56923,0.4249552,0.0,0.0,0.0
590.4121,150.58482,0.40578023,0.0,0.0,0.0
589.1533,150.61568,0.400241,0.0,0.0,0.0
587.8112,150.57803,0.40348592,0.0,0.0,0.0
587.8335,146.68913,0.3907945,0.0,0.0,0.0
587.80035,146.69395,0.41051313,0.0,0.0,0.0
587.8469,147.96507,0.4185352,0.0,0.0,0.0
587.8219,146.68149,0.4098713,0.0,0.0,0.0
589.1272,142.79431,0.4345235,0.0,0.0,0.0
589.12665,144.0707,0.42352358,0.0,0.0,0.0
590.4094,145.39252,0.4267545,0.0,0.0,0.0
589.1262,141.48206,0.45911905,0.0,0.0,0.0
589.14166,142.77553,0.43982455,0.0,0.0,0.0
589.115,144.06604,0.44687673,0.0,0.0,0.0
589.13654,144.07072,0.45732728,0.0,0.0,0.0
589.1643,144.0691,0.4515613,0.0,0.0,0.0
590.46564,144.09401,0.43883547,0.0,0.0,0.0
591.77563,144.07587,0.42329076,0.0,0.0,0.0
590.4688,145.36807,0.45770362,0.0,0.0,0.0
593.04,147.97736,0.43606478,0.0,0.0,0.0
590.44977,144.08165,0.46034417,0.0,0.0,0.0
589.1503,150.56972,0.45348692,0.0,0.0,0.0
589.1588,149.2758,0.43034193,0.0,0.0,0.0
590.44904,149.28572,0.4160797,0.0,0.0,0.0
590.43665,150.56334,0.41037393,0.0,0.0,0.0
590.4684,150.58946,0.4136947,0.0,0.0,0.0
591.733,149.30249,0.40936184,0.0,0.0,0.0
591.73334,150.60254,0.39475065,0.0,0.0,0.0
590.4665,147.9658,0.43029645,0.0,0.0,0.0
590.42633,149.29124,0.43814227,0.0,0.0,0.0
590.4538,149.29448,0.44847822,0.0,0.0,0.0
338.5469,449.4843,0.43381196,0.0,0.0,0.0
590.41345,150.60188,0.47291607,0.0,0.0,0.0
590.45953,149.29465,0.4397676,0.0,0.0,0.0
589.15564,150.56688,0.46205184,0.0,0.0,0.0
590.41254,149.29645,0.44221163,0.0,0.0,0.0
590.4365,149.28445,0.44598794,0.0,0.0,0.0
590.4176,149.2638,0.45015785,0.0,0.0,0.0
589.14343,146.68443,0.45521173,0.0,0.0,0.0
589.15424,149.27525,0.44952598,0.0,0.0,0.0
590.43,145.38007,0.44490546,0.0,0.0,0.0
590.43274,149.27797,0.43998122,0.0,0.0,0.0
589.16437,146.69176,0.45484412,0.0,0.0,0.0
590.4188,147.98997,0.4577161,0.0,0.0,0.0
589.13995,147.97876,0.44921204,0.0,0.0,0.0
589.1436,145.39352,0.46385583,0.0,0.0,0.0
590.4361,149.26569,0.46627614,0.0,0.0,0.0
589.16455,146.68452,0.45288703,0.0,0.0,0.0
338.51917,449.4956,0.43233302,0.0,0.0,0.0
590.42365,147.97168,0.45754158,0.0,0.0,0.0
590.4655,150.57669,0.44881493,0.0,0.0,0.0
337.24338,450.78394,0.4220032,0.0,0.0,0.0
590.40784,149.27766,0.44736713,0.0,0.0,0.0
590.44916,147.98422,0.454254,0.0,0.0,0.0
590.4273,149.27554,0.4500146,0.0,0.0,0.0
337.2074,449.4917,0.43920088,0.0,0.0,0.0
338.5287,449.4874,0.4363002,0.0,0.0,0.0
591.74005,151.89334,0.41066107,0.0,0.0,0.0
338.50656,449.47232,0.44025904,0.0,0.0,0.0
337.24417,448.18204,0.43053797,0.0,0.0,0.0
338.5235,448.18674,0.4400438,0.0,0.0,0.0
589.1202,150.61871,0.45739257,0.0,0.0,0.0
589.14166,149.30128,0.4575064,0.0,0.0,0.0
589.12146,150.57639,0.45484516,0.0,0.0,0.0
589.1162,150.58194,0.45990747,0.0,0.0,0.0
590.43195,150.58998,0.46220267,0.0,0.0,0.0
590.44666,149.28246,0.4373326,0.0,0.0,0.0
589.12164,147.9752,0.44804502,0.0,0.0,0.0
589.14075,147.98969,0.44936898,0.0,0.0,0.0
587.8372,150.56172,0.45099396,0.0,0.0,0.0
589.1385,150.6113,0.4508987,0.0,0.0,0.0
589.132,150.5654,0.4416765,0.0,0.0,0.0
590.4282,149.27864,0.4506055,0.0,0.0,0.0
590.41736,149.28844,0.43850058,0.0,0.0,0.0
590.4121,149.26628,0.4470809,0.0,0.0,0.0
590.41266,149.27124,0.46179283,0.0,0.0,0.0
590.45703,148.0016,0.45213333,0.0,0.0,0.0
590.4168,149.27206,0.44204724,0.0,0.0,0.0
589.14886,150.57895,0.43042567,0.0,0.0,0.0
590.4252,150.57042,0.45052275,0.0,0.0,0.0
337.21136,452.06506,0.45143583,0.0,0.0,0.0
589.10547,147.9677,0.44423324,0.0,0.0,0.0
337.24393,450.78052,0.46799415,0.0,0.0,0.0
589.1097,147.9955,0.44358498,0.0,0.0,0.0
590.41144,146.67555,0.44293034,0.0,0.0,0.0
589.11694,149.27217,0.45559478,0.0,0.0,0.0
589.1263,145.3778,0.46848798,0.0,0.0,0.0
589.14685,144.08096,0.45626464,0.0,0.0,0.0
590.42914,147.98396,0.4335694,0.0,0.0,0.0
590.4256,149.30185,0.4304082,0.0,0.0,0.0
590.4322,147.99796,0.44184998,0.0,0.0,0.0
590.41785,151.87996,0.4406307,0.0,0.0,0.0
590.47754,149.28603,0.44330546,0.0,0.0,0.0
589.12695,150.62415,0.45933867,0.0,0.0,0.0
335.9141,448.18222,0.44515157,0.0,0.0,0.0
589.162,149.29642,0.41656876,0.0,0.0,0.0
589.1018,150.57382,0.4350498,0.0,0.0,0.0
590.4269,149.29793,0.4396977,0.0,0.0,0.0
590.4706,149.29408,0.4341032,0.0,0.0,0.0
590.41724,142.7753,0.48237205,0.0,0.0,0.0
590.4484,146.66734,0.45652276,0.0,0.0,0.0
591.7537,142.7784,0.45476478,0.0,0.0,0.0
591.74005,144.08907,0.45836395,0.0,0.0,0.0
590.4419,146.66653,0.4599614,0.0,0.0,0.0
590.42487,149.28702,0.44192958,0.0,0.0,0.0
590.4316,146.67094,0.46205017,0.0,0.0,0.0
590.41534,149.29881,0.44590747,0.0,0.0,0.0
590.43524,150.5889,0.41734785,0.0,0.0,0.0
590.4163,151.91713,0.43522167,0.0,0.0,0.0
591.73804,151.8789,0.40554094,0.0,0.0,0.0
591.77435,150.6158,0.4179832,0.0,0.0,0.0
591.7432,150.56726,0.4104879,0.0,0.0,0.0
591.7684,147.99973,0.39701474,0.0,0.0,0.0
590.4643,150.5966,0.4397295,0.0,0.0,0.0
337.22992,444.23727,0.51244694,0.0,0.0,0.0
591.7455,150.564,0.44566008,0.0,0.0,0.0
338.5535,444.27094,0.50693715,0.0,0.0,0.0
591.7486,149.29582,0.4376543,0.0,0.0,0.0
338.5135,444.23355,0.50654054,0.0,0.0,0.0
337.2505,444.22934,0.49861714,0.0,0.0,0.0
338.50305,442.9674,0.5081091,0.0,0.0,0.0
338.53265,444.2277,0.5077055,0.0,0.0,0.0
337.24432,442.98703,0.5047875,0.0,0.0,0.0
338.5232,442.96933,0.5022447,0.0,0.0,0.0
338.4916,444.23795,0.50184363,0.0,0.0,0.0
337.23843,444.2371,0.5035626,0.0,0.0,0.0
337.24274,444.24237,0.50356466,0.0,0.0,0.0
337.24103,444.24734,0.510672,0.0,0.0,0.0
337.24783,444.2287,0.5128069,0.0,0.0,0.0
338.50604,444.24725,0.49486062,0.0,0.0,0.0
338.5242,444.25116,0.49504897,0.0,0.0,0.0
338.49948,444.25543,0.50497144,0.0,0.0,0.0
338.50885,444.24863,0.50675046,0.0,0.0,0.0
338.51498,444.26553,0.48895705,0.0,0.0,0.0
338.52805,444.2553,0.5038576,0.0,0.0,0.0
329.37146,441.66,0.51241696,0.0,0.0,0.0
329.4356,441.65515,0.49914533,0.0,0.0,0.0
329.40762,441.6315,0.49942648,0.0,0.0,0.0
329.42368,442.94763,0.5159791,0.0,0.0,0.0
330.69275,441.66232,0.48766634,0.0,0.0,0.0
330.69168,441.64697,0.49390942,0.0,0.0,0.0
329.39746,439.05612,0.49735942,0.0,0.0,0.0
329.40497,440.33176,0.4997529,0.0,0.0,0.0
616.5431,140.13148,0.30246663,630.87415,461.228,0.07609084
330.72357,440.35394,0.48371303,0.0,0.0,0.0
600.8907,140.14981,0.3865226,0.0,0.0,0.0
329.40475,441.63626,0.50462955,0.0,0.0,0.0
329.42938,440.32297,0.51288486,0.0,0.0,0.0
329.4518,440.35068,0.50192577,0.0,0.0,0.0
329.44492,441.61743,0.5036527,0.0,0.0,0.0
600.86145,140.12283,0.36705518,0.0,0.0,0.0
600.8857,138.85071,0.38607293,0.0,0.0,0.0
608.71063,136.251,0.35645047,0.0,0.0,0.0
332.0125,440.32767,0.48588544,0.0,0.0,0.0
332.0197,442.913,0.48770848,0.0,0.0,0.0
333.3397,442.93668,0.48368615,0.0,0.0,0.0
334.61453,441.65167,0.4851689,0.0,0.0,0.0
334.6191,441.6671,0.49646395,0.0,0.0,0.0
334.6118,441.66595,0.49190828,0.0,0.0,0.0
334.62366,442.97922,0.4870212,0.0,0.0,0.0
337.21152,442.96857,0.49541885,0.0,0.0,0.0
333.3322,442.97546,0.50087154,0.0,0.0,0.0
333.3164,444.2433,0.49088025,0.0,0.0,0.0
330.7254,444.24094,0.478675,0.0,0.0,0.0
329.42514,445.56418,0.47675994,0.0,0.0,0.0
329.3845,445.59372,0.49110994,0.0,0.0,0.0
329.40286,445.57083,0.49207965,0.0,0.0,0.0
329.43475,445.5602,0.49215856,0.0,0.0,0.0
329.42178,445.5843,0.4852776,0.0,0.0,0.0
328.06815,446.87518,0.48423025,0.0,0.0,0.0
328.1148,445.55505,0.51094604,0.0,0.0,0.0
329.3942,445.57678,0.5074063,0.0,0.0,0.0
329.42853,446.88306,0.4739058,0.0,0.0,0.0
329.36673,446.87894,0.4898892,0.0,0.0,0.0
329.40155,445.57266,0.49812093,0.0,0.0,0.0
329.40723,446.8664,0.4858453,0.0,0.0,0.0
328.13263,446.86475,0.49002516,0.0,0.0,0.0
329.38333,445.56284,0.48581922,0.0,0.0,0.0
329.398,445.55096,0.4889334,0.0,0.0,0.0
329.45276,444.2595,0.49594635,0.0,0.0,0.0
329.4236,444.26065,0.4852876,0.0,0.0,0.0
329.4274,442.9635,0.49476784,0.0,0.0,0.0
329.42627,442.96594,0.50505114,0.0,0.0,0.0
329.40436,444.26367,0.48810866,0.0,0.0,0.0
329.44843,444.2827,0.4873598,0.0,0.0,0.0
329.44574,442.96976,0.5141734,0.0,0.0,0.0
329.42252,444.24203,0.51329476,0.0,0.0,0.0
329.38428,444.2288,0.52427375,0.0,0.0,0.0
328.0978,444.27237,0.5008513,0.0,0.0,0.0
329.43283,444.25638,0.48816958,0.0,0.0,0.0
329.40125,444.2962,0.49494445,0.0,0.0,0.0
329.42993,444.2347,0.51888025,0.0,0.0,0.0
330.7137,444.23965,0.5105835,0.0,0.0,0.0
410.34827,254.99316,0.66892385,390.74527,448.1908,0.19308689
411.60086,254.98709,0.67729616,392.05038,450.79163,0.18445484
411.6544,254.9578,0.67850435,392.0432,449.48013,0.21552834
412.90018,253.71025,0.66930914,393.36057,448.1823,0.19519997
412.8965,253.70154,0.67367935,389.44095,445.57587,0.1969746
412.89532,253.71367,0.6716682,395.96948,446.86496,0.20589985
410.30606,255.01852,0.6760342,388.14038,450.7775,0.21450756
409.03592,255.03297,0.68237734,392.0408,448.17227,0.21381404
407.7335,255.00334,0.6753267,393.37003,449.484,0.20607883
406.4262,253.7254,0.6583014,385.52664,452.07678,0.22152266
403.8254,254.9879,0.68172276,390.73755,445.5794,0.23186782
403.79202,254.9875,0.67919177,390.74368,450.77838,0.22559571
402.52032,255.01102,0.6851873,386.83942,448.17642,0.21628523
402.51633,254.9987,0.68123066,388.1366,449.48608,0.22786863
402.53156,254.98628,0.67065257,386.83896,449.48166,0.2506094
402.51035,255.01219,0.6768557,388.14062,446.89124,0.24266556
402.52417,255.0068,0.6762532,386.84042,446.88458,0.23466384
402.49908,254.97186,0.6763141,385.5339,449.48203,0.23523548
402.50388,254.98613,0.6784682,386.83633,452.09164,0.24045014
402.51224,254.97556,0.67483354,388.12955,452.09787,0.23170686
402.53058,254.9624,0.6757518,388.14,446.8881,0.22471932
402.50302,254.97186,0.6794057,388.13977,453.3929,0.20318961
402.49426,255.01865,0.68933743,392.04886,450.79855,0.20794469
402.51178,255.0212,0.6904633,390.7413,448.1823,0.20683993
403.7809,255.02177,0.68860215,394.6773,448.17462,0.20778318
405.08997,254.99124,0.67440736,389.4467,448.18835,0.21187311
407.7178,254.96251,0.6715858,390.74072,446.86243,0.2015885
409.02386,254.95587,0.68144464,388.13803,448.17578,0.18906333
410.29532,254.96857,0.68179,392.04718,446.88123,0.19727574
410.33878,254.9546,0.6790979,394.6658,448.1776,0.18036017
411.63425,253.70828,0.6777873,392.0431,446.88834,0.19449592
411.61218,253.686,0.67793965,390.75095,445.57495,0.19776128
411.64,253.70969,0.67398685,392.0543,445.58478,0.19907546
411.629,253.70839,0.67836136,392.05795,448.1784,0.18067363
411.57654,254.99068,0.69151294,392.0559,448.17004,0.19657205
411.59662,254.97398,0.6882466,393.35715,444.287,0.20425561
410.34564,254.99199,0.68397605,393.3659,446.88623,0.18274857
410.33832,254.97232,0.69427335,392.05823,448.18622,0.19115531
410.31885,254.98384,0.69272745,394.66446,449.47617,0.18552196
410.2936,255.0121,0.6971995,390.74142,446.86047,0.21353157
410.2903,255.02132,0.7037624,393.36353,446.8846,0.20290977
409.0131,255.0322,0.7035046,393.35687,448.17538,0.18561633
408.99625,255.00806,0.69285005,392.04398,449.47806,0.20132105
409.0393,255.00943,0.69695604,390.74188,448.17902,0.19724388
410.2876,255.00513,0.69235003,390.75034,446.8783,0.20432727
410.28558,255.0267,0.6873596,390.74045,450.7852,0.18185426
410.32385,255.05367,0.70114803,390.75912,445.58838,0.21607831
409.03152,254.99345,0.6831856,392.06982,446.86514,0.21057002
409.012,255.00616,0.66674566,393.3602,448.16766,0.19825208
407.7071,254.98315,0.6630353,390.75583,446.87698,0.20239328
403.84146,255.02162,0.6795105,393.35583,446.888,0.22172923
403.83942,255.02393,0.67795265,395.9785,449.47885,0.19175418
403.83273,255.02711,0.67001617,390.75162,446.8627,0.2117004
402.54587,255.04536,0.680646,393.3504,446.86603,0.21874538
403.81064,255.01007,0.6760238,392.0481,446.87503,0.21982126
402.53485,255.0547,0.6890224,393.36102,448.1903,0.215932
403.7927,255.0347,0.67853194,393.36838,448.17526,0.21463014
403.79672,255.04771,0.6774573,390.7488,449.49298,0.21252513
403.8295,255.03862,0.6755537,393.35242,450.78326,0.21239768
403.81693,255.04381,0.68345404,398.5747,448.18927,0.20035523
403.80124,255.04233,0.68202585,393.35678,446.8765,0.22002092
403.79123,255.04852,0.6837563,393.36694,449.47824,0.2099637
403.78073,256.27536,0.68781567,392.0398,452.09103,0.21438484
403.79593,255.0238,0.68327796,394.6647,450.77856,0.20337814
402.53314,255.0403,0.69021606,392.04086,449.4788,0.21438552
403.7884,255.03696,0.68609685,392.06583,449.48053,0.20254731
403.83182,255.02608,0.6781847,392.0592,449.47482,0.2123075
403.80377,255.04218,0.6830801,390.75174,452.09286,0.19736792
403.8016,255.027,0.6785743,393.35886,450.78195,0.21330976
403.79514,255.05385,0.6904216,390.75006,449.47943,0.22591004
403.8096,255.04245,0.6802088,393.37207,448.18192,0.1992713
403.79236,256.27072,0.6827794,392.04517,453.394,0.20711866
403.8252,255.0347,0.67864335,392.05783,449.49347,0.21164648
403.8002,256.27097,0.685134,392.03934,449.4793,0.20807335
403.8275,255.03012,0.6760819,392.05328,448.1681,0.22217225
403.79813,255.02386,0.6810289,393.35767,448.17813,0.20102262
403.79745,255.05089,0.6817754,390.7573,448.1683,0.21078134
403.81598,255.05066,0.6804091,393.3574,445.5785,0.20532747
403.83066,255.03404,0.6912312,394.66608,448.18387,0.22149912
403.82526,255.0187,0.68878365,390.74213,452.09042,0.20711479
403.80637,255.05176,0.69995487,394.65604,446.87314,0.23408307
403.8379,255.01842,0.68825155,392.0458,449.47418,0.21406412
405.0943,255.0215,0.68599635,393.36542,452.07437,0.20347263
403.84015,255.02664,0.68609333,395.97836,446.88684,0.22119296
403.8163,255.03645,0.69635934,395.97757,450.7958,0.20432027
405.09924,255.0173,0.6863769,393.35086,450.7966,0.20294765
403.80853,255.03688,0.6994826,393.3733,448.18985,0.22326705
403.82657,255.03365,0.6972348,394.65823,448.19162,0.20549923
403.808,255.05278,0.70140123,393.365,445.5737,0.23118524
403.80457,255.05055,0.7029499,392.0585,446.8867,0.2253354
403.8439,255.03136,0.68872195,390.75647,446.86655,0.22594523
403.83508,255.03638,0.69784814,394.6583,449.48276,0.20807195
403.8195,255.02574,0.6871205,395.96558,449.4867,0.20792514
402.5286,256.28146,0.6889599,392.0392,453.39005,0.21344508
402.5078,255.00397,0.6748195,389.4355,450.79498,0.21086323
401.2188,254.99681,0.6774314,385.5338,452.09106,0.20485131
395.9735,255.01357,0.6339377,392.0483,453.40494,0.17403245
390.71844,256.27997,0.64040935,385.5394,452.0978,0.19317122
380.28406,256.35715,0.63125473,386.83173,448.189,0.19843403
369.85452,256.3658,0.63242173,384.23364,445.56232,0.22564471
363.34848,257.6125,0.6058024,382.93158,446.86832,0.22323231
356.79367,257.6533,0.586443,381.62143,444.24805,0.19824849
348.98798,256.3638,0.5913864,376.38654,445.55588,0.20954747
339.8704,257.6203,0.6086849,376.3891,445.58228,0.22495832
333.3407,260.2124,0.5767577,371.1704,448.17517,0.25639874
332.02457,261.54645,0.5912978,371.17163,448.16974,0.2747376
329.42908,261.51703,0.60338455,368.57108,452.0828,0.24410059
329.36346,258.93347,0.59448117,371.18033,450.79306,0.2540633
328.10895,260.2362,0.5927133,369.86737,450.79144,0.24716894
329.368,258.93195,0.6040596,369.87625,452.0863,0.24023871
328.13745,258.92126,0.6032429,371.15445,448.18906,0.24556905
329.38223,260.22516,0.61236316,369.868,452.09836,0.26342106
329.39862,260.23727,0.62084675,368.5712,450.7872,0.24721801
329.40567,260.22787,0.6038608,369.85376,450.7955,0.23432094
330.68893,260.22583,0.5875449,369.86298,449.48453,0.23273814
329.4567,258.9342,0.59981436,364.6407,454.68478,0.21615164
332.03677,257.62393,0.59765804,369.84894,448.16928,0.24500299
335.91226,256.28983,0.598478,369.86456,453.3795,0.24816455
338.5262,253.71326,0.60977477,369.8552,450.79486,0.2768984
338.56366,253.68631,0.5986291,365.9637,450.78668,0.27283823
338.5719,251.08484,0.5801511,368.55743,452.08795,0.25330022
341.1439,245.90744,0.598995,368.56302,446.88278,0.2544149
341.1712,248.49269,0.58523875,371.17136,444.2407,0.25845242
342.4757,245.91759,0.5877726,372.47568,442.95642,0.26884434
343.76974,245.83565,0.57789534,369.87265,444.28378,0.2208512
341.16098,243.23615,0.54617375,368.55432,446.87418,0.17584902
341.14404,239.34581,0.5166981,367.25806,445.56137,0.16985519
339.8272,235.40738,0.41447026,363.34604,448.17722,0.1817641
337.2458,232.83644,0.4004683,364.64264,448.18848,0.1694279
333.31674,234.13591,0.3947749,363.34406,449.48877,0.19161198
324.17975,239.36578,0.47144222,367.25162,446.8861,0.20576586
318.9734,245.83577,0.50617033,367.26373,445.5794,0.187159
318.93854,247.19707,0.53024375,367.2481,445.56918,0.20374434
317.686,248.48209,0.5244211,365.95316,446.86346,0.19339852
317.66324,248.495,0.5240826,365.9422,446.86765,0.18512598
317.66467,248.4783,0.5291134,367.26416,445.57468,0.17607741
317.67624,248.48888,0.5306261,368.5417,445.5658,0.1848993
317.66794,249.79071,0.5325152,368.54938,444.2813,0.17131987
317.61533,252.38034,0.55380553,367.24457,445.56607,0.16947523
317.64948,251.10481,0.54248154,369.86456,445.56223,0.17624792
317.6071,252.40282,0.54757035,365.95834,445.56424,0.17614795
317.61227,252.37624,0.5295094,365.9414,446.8845,0.19261117
317.61758,251.08456,0.48387802,365.9433,445.55984,0.20657387
316.36786,249.80742,0.4317777,365.94916,445.5882,0.17775765
316.3566,249.80049,0.42498946,367.24734,446.87067,0.18296564
316.3342,249.78915,0.43889406,367.24503,445.57846,0.17761272
315.05106,249.80597,0.40547386,365.96002,448.19144,0.1851412
316.33118,248.47523,0.37626863,365.9453,446.87463,0.20240374
317.62735,247.1662,0.3433622,365.9445,448.17438,0.18047605
316.35718,247.16768,0.36113402,368.5456,445.55557,0.20094517
317.6401,247.16203,0.34488037,367.24188,446.8816,0.20421366
316.35883,247.17848,0.3414678,367.25446,446.86304,0.18575993
317.62646,247.17436,0.37339228,365.9456,449.48645,0.19872281
316.36884,247.1951,0.37033847,365.95914,448.1921,0.1997548
317.65558,247.18422,0.34510905,367.25165,446.87152,0.19572365
317.63583,245.91142,0.36635083,365.9548,446.87885,0.19700317
317.63263,247.17696,0.37070188,364.63406,449.47458,0.2100504
317.64856,247.17416,0.3608643,367.2608,446.88263,0.19202626
317.66708,245.90521,0.3711186,363.34824,449.49182,0.19985428
317.66953,247.1692,0.35304683,364.6387,448.1767,0.1873847
318.9504,245.88895,0.35657898,367.25806,449.4919,0.16534702
318.93524,245.8782,0.3445529,365.9394,448.17838,0.19216833
317.67505,245.90468,0.36901772,367.24655,446.88068,0.19360296
317.6483,247.16202,0.35723898,364.65616,448.1848,0.19283074
317.64804,247.17264,0.36884513,363.33215,450.79382,0.20435011
317.66702,247.18387,0.36730343,365.94308,448.17526,0.19856487
317.65814,247.1688,0.35725874,363.3492,449.48007,0.19501838
317.68332,245.90965,0.37130874,363.34357,449.4763,0.19576272
326.8048,244.58025,0.30936694,362.04892,453.37653,0.17172705
328.0967,244.56273,0.31729624,362.0393,454.68832,0.18427671
325.47772,245.86044,0.3345174,363.33508,453.3901,0.1655851
328.0973,244.545,0.30271858,362.0283,454.6925,0.19048914
328.09305,244.55257,0.31504714,362.0335,453.38907,0.17735395
326.80487,244.58325,0.30657753,362.04428,453.3987,0.1857505
326.79953,244.59064,0.31496918,360.7472,454.70282,0.18398544
326.80197,244.5875,0.3172832,360.74484,454.69574,0.17377184
328.1005,244.54477,0.31786954,363.33572,453.38916,0.1583388
328.09506,244.57056,0.31118524,360.75055,454.6826,0.17669915
326.80368,244.55482,0.31003314,363.33218,454.6962,0.16842775
328.09387,244.54611,0.31704408,362.03262,453.39325,0.18269958
328.10754,244.55548,0.32178017,360.72177,453.39737,0.19358891
325.49487,245.88675,0.34668794,360.73834,452.0895,0.19063732
329.3992,243.269,0.30755436,360.73608,454.70425,0.17386644
325.4877,245.86378,0.32761,360.7467,453.4022,0.20003577
329.41165,243.27234,0.3054749,362.04617,453.4025,0.17407165
324.1912,245.88641,0.32008964,360.7311,454.7168,0.19131324
328.10052,244.58386,0.321685,362.02502,454.7061,0.18183646
325.47867,245.85533,0.31982315,360.74225,453.3953,0.18753688
326.78302,245.85672,0.30529824,362.0424,453.39514,0.1842793
325.48175,245.88371,0.31076595,362.0233,453.39996,0.19082661
325.49884,245.87341,0.301375,362.0308,453.38007,0.17979473
324.1946,245.89548,0.31411424,362.0457,452.08102,0.18410333
326.79822,244.58629,0.30647418,360.74088,454.68704,0.18504742
322.88345,247.17384,0.32759395,362.03995,453.37595,0.18155447
324.18884,245.88556,0.31163132,362.05222,453.3786,0.17900874
325.49216,245.8614,0.3153334,362.05435,453.40155,0.18414825
325.484,245.87987,0.31861886,362.04633,453.40768,0.17881669
322.86716,247.16685,0.31327468,363.3424,452.08698,0.17344747
325.48398,245.85797,0.30497578,360.72678,450.79492,0.19294527
328.1009,244.58536,0.30717552,362.04907,452.0831,0.16594757
326.7909,245.8488,0.2932826,360.74652,453.38672,0.1926252
326.7789,245.86003,0.31911618,362.04422,452.098,0.19831832
325.48676,245.88113,0.32389623,360.71222,453.38757,0.21632674
326.78662,245.84705,0.31847727,360.73782,453.40134,0.18762738
328.0879,244.58925,0.32082176,360.74997,450.78506,0.18195714
326.8009,244.59187,0.30152655,362.02783,453.39703,0.18589424
322.8811,245.88414,0.3082016,360.7545,453.37744,0.17210326
326.79688,244.58783,0.31412083,362.02444,453.38007,0.18023469
325.49713,245.86343,0.3067872,360.73462,453.39233,0.18739723
326.80197,244.57014,0.29444915,362.0231,453.37653,0.19457847
328.0861,244.58463,0.30708283,360.728,454.68027,0.19325864
326.79727,244.59166,0.3100323,360.7365,453.40564,0.1911492
325.49506,245.8662,0.31611428,360.74365,454.68524,0.19076139
322.89413,247.17714,0.30008024,360.7251,454.68613,0.18797922
324.17337,247.17111,0.3064445,360.75354,453.3764,0.17286871
328.08194,245.85175,0.2973164,360.74808,453.38037,0.17800702
325.48297,245.8817,0.3015628,360.7404,450.79248,0.18257886
325.48755,247.17802,0.29333472,363.3393,453.38626,0.18478201
325.49014,245.89224,0.3004912,360.72433,452.08487,0.17391512
328.09653,245.85739,0.30913082,363.3567,449.4896,0.18451968
329.4167,245.87921,0.32044667,362.04553,450.79465,0.19123276
328.11395,245.86397,0.35119286,360.75162,453.38068,0.20140073
330.70767,244.59721,0.38410693,360.74762,453.3873,0.19756153
326.78683,248.48587,0.48153165,362.04507,452.08817,0.18716478
326.7982,248.49673,0.5597796,360.74448,446.87805,0.2107375
328.07187,249.78004,0.60499895,362.03195,449.48566,0.22622956
328.0488,253.6978,0.6289946,363.34424,449.4914,0.22520125
326.80518,253.7061,0.60667396,363.3391,449.48492,0.21740544
326.81314,254.97707,0.5807241,363.33734,450.7788,0.22025505
326.76373,254.96696,0.5847508,362.03656,449.47314,0.21601427
325.4655,255.03194,0.5887575,360.74017,450.77728,0.21505006
321.59692,256.29428,0.5511869,362.02316,450.79462,0.19381233
317.66632,257.6455,0.5264511,358.11554,452.0865,0.20892878
317.61792,258.95068,0.47761652,358.12247,450.7787,0.22619708
315.05328,260.25046,0.49045923,355.5228,452.08298,0.22657818
317.61548,260.2262,0.4741207,358.11334,449.4768,0.19938661
317.61487,260.2247,0.49938306,359.41077,450.7763,0.219411
317.67682,260.2394,0.471915,359.4119,450.77988,0.1960079
317.67557,261.5374,0.481256,360.7161,452.09457,0.19396771
317.6616,260.23157,0.47867846,359.42325,449.49338,0.19599794
317.67548,261.55365,0.47143868,359.41342,449.47656,0.2150247
317.6778,260.24725,0.46664557,360.71176,452.08084,0.18812388
317.6716,260.21735,0.48590192,360.73856,452.0857,0.17999904
318.93774,258.93063,0.46158153,359.4214,449.4851,0.21593006
318.94232,257.63766,0.47630966,362.04126,449.47784,0.17158318
318.94727,258.9288,0.45665997,362.02496,452.08807,0.17579803
318.9646,258.9466,0.43651327,360.73895,452.07825,0.17447937
318.9721,258.94534,0.45468584,360.73978,452.09692,0.1682978
318.9613,258.92612,0.47027877,359.4378,448.1922,0.20508522
318.96054,258.92618,0.45061904,359.42084,449.48837,0.19605286
318.93555,258.91324,0.46262595,359.4081,450.78262,0.20708925
317.6851,257.6376,0.47477168,359.41437,450.7761,0.20122206
317.69135,258.9195,0.48536828,360.71255,449.49008,0.2059838
318.94727,257.64532,0.4686934,360.74316,450.78387,0.17791954
318.9624,257.64267,0.46174115,359.44,449.47952,0.18512134
317.68866,257.63828,0.46501982,360.71512,448.18906,0.17938936
318.95203,257.63016,0.4507367,359.42123,450.7971,0.1842536
318.9698,257.62378,0.4355504,359.43008,452.08612,0.18499608
318.9769,257.64304,0.42878592,358.10977,452.0843,0.18619052
318.9536,257.61172,0.45605275,359.43472,449.4901,0.19533505
318.94037,257.61633,0.46251556,359.41306,450.78256,0.21092604
317.67535,257.615,0.47269616,360.7329,452.08737,0.1702413
318.9468,257.61472,0.43744728,359.43427,448.1888,0.18380961
318.93958,257.64737,0.456685,360.73767,450.78146,0.18779239
317.67035,258.91074,0.45263648,360.7523,452.0862,0.16885963
317.6707,257.62646,0.4708477,359.43622,452.10022,0.17221986
318.95505,257.62823,0.45360014,360.71796,452.0903,0.1823229
318.94412,257.64578,0.4434654,360.71176,450.77972,0.18454894
317.68518,257.64166,0.4713107,362.03842,448.19235,0.17839606
318.92883,257.6065,0.45113233,360.73593,449.4881,0.19109742
318.9457,257.6409,0.46162623,362.0339,449.49335,0.18139775
318.93878,257.6157,0.47944736,362.02414,452.07944,0.1806049
317.6821,257.64285,0.46476227,360.7476,449.49442,0.1731444
318.95328,258.9227,0.4303023,360.7126,450.79105,0.17631982
318.95163,257.64575,0.4560101,359.42728,448.18182,0.1931708
318.93463,247.18527,0.38419476,364.64868,446.8753,0.14393826
334.61163,257.62964,0.40013957,362.04724,450.79266,0.18727002
316.35394,256.33865,0.14461827,363.34073,446.88184,0.11100248
316.3521,264.12473,0.28065187,359.4266,445.58237,0.20921433
318.95288,260.2246,0.37045768,359.42984,446.88904,0.21607731
317.683,260.24365,0.38973725,358.13107,452.09015,0.20134643
315.05197,257.63513,0.48533353,350.28714,450.7749,0.29567057
304.60526,264.13965,0.32515445,350.28467,449.47418,0.13908343
299.38065,264.14536,0.22677222,0.0,0.0,0.0
0.0,0.0,0.0,0.0,0.0,0.0
0.0,0.0,0.0,0.0,0.0,0.0
277.18106,244.5498,0.29697615,325.49637,444.2496,0.15632628
277.1942,244.56944,0.3015304,321.5894,440.3475,0.1706739
275.8926,245.85455,0.30272195,318.9723,445.55734,0.16739678
277.17685,245.8493,0.32001802,321.56653,444.25046,0.16390783
275.89844,245.86322,0.2997978,317.65308,444.26135,0.16561374
277.17917,244.57986,0.310677,317.6588,444.26572,0.16635306
275.89914,245.86597,0.31605107,318.975,444.24954,0.16183972
275.9035,245.84825,0.30906656,316.36218,444.25244,0.18282416
277.19687,244.58463,0.3040625,325.49448,442.96216,0.18045977
277.1849,244.57816,0.30944416,316.3508,444.27423,0.18072848
275.8996,245.87755,0.3039365,318.94882,444.2617,0.16980824
277.19165,244.58804,0.3087933,320.25897,444.275,0.16835997
277.21603,244.5726,0.28929675,321.56982,444.24875,0.14622937
277.2167,244.54926,0.30428898,321.57703,441.65436,0.17044999
277.18857,244.58446,0.30475807,328.09424,444.27585,0.15866135
275.87927,245.85098,0.31931224,320.26752,445.56818,0.16097498
277.19305,244.5477,0.31672868,318.96542,442.962,0.18401803
277.21896,243.27237,0.30877206,326.79358,440.353,0.15563628
277.22037,244.53876,0.30568355,316.35834,444.2541,0.17758235
278.51376,243.25298,0.30152342,328.09085,444.25586,0.17151755
275.91562,244.57498,0.31390536,320.2611,444.2547,0.1719759
277.18973,244.56546,0.29793206,317.66708,442.93945,0.17734264
277.18497,244.58377,0.31004936,318.9491,444.2577,0.17940043
277.17917,244.55676,0.30373216,317.6506,445.57224,0.17435257
275.89395,245.8479,0.31223744,318.98547,437.74118,0.17279938
275.88785,245.86221,0.3067112,316.35928,444.24744,0.18254593
277.1858,244.57317,0.2974016,316.34402,444.26312,0.17036872
275.91284,244.58122,0.29730815,324.1846,442.96384,0.14834897
275.88278,245.85051,0.31673965,334.6162,442.95667,0.20929138
275.9026,244.57617,0.30691117,322.87833,444.2668,0.16701227
275.8972,244.58347,0.28850082,328.08966,441.6407,0.16312107
275.90524,244.57294,0.3108116,335.9235,445.57867,0.19925421
273.29657,245.8692,0.30991307,322.8838,445.56723,0.1756616
275.87686,244.58464,0.31286117,332.02618,444.27094,0.18553455
274.60178,244.57861,0.28705627,318.97244,445.5607,0.17174318
275.8723,244.5381,0.29056326,318.9472,446.88104,0.15366448
277.18243,243.25162,0.27395782,316.35754,440.3528,0.17202851
274.60446,244.55989,0.26001364,308.50977,457.30923,0.1362054
275.8789,244.57648,0.21976808,309.83234,456.00537,0.07556106
269.38736,245.86697,0.15396063,325.47946,442.96014,0.05755706
286.32922,230.19705,0.06690539,0.0,0.0,0.0
274.5691,251.087,0.22850981,0.0,0.0,0.0
262.83624,269.36996,0.192772,0.0,0.0,0.0
257.62515,243.27573,0.15688188,0.0,0.0,0.0
277.18707,251.09325,0.14647439,0.0,0.0,0.0
286.32254,286.34103,0.41749498,0.0,0.0,0.0
257.62378,269.36172,0.11558177,0.0,0.0,0.0
274.57556,262.8271,0.13293335,0.0,0.0,0.0
286.30313,223.70033,0.11846826,0.0,0.0,0.0
278.49106,228.90477,0.13489787,0.0,0.0,0.0
275.89658,236.75972,0.16806361,0.0,0.0,0.0
288.9427,231.51328,0.22373325,316.35666,435.1315,0.06324446
277.17685,244.55975,0.28121927,316.3609,445.57254,0.118884064
275.90338,244.5576,0.27867153,321.57535,450.78552,0.11879235
275.87265,245.85046,0.30301198,326.79672,445.56857,0.1280297
275.8776,244.5593,0.26625434,321.5712,444.27322,0.13610682
275.90808,244.55775,0.26365125,318.9595,446.8805,0.11711106
274.5711,245.87817,0.27844146,317.6422,446.87006,0.15353186
273.28372,247.17403,0.31202304,320.26758,445.55936,0.15467425
274.5705,245.89417,0.31233737,317.65543,442.94214,0.16823328
275.87762,245.88138,0.31091675,317.65533,449.4787,0.14582846
275.86523,247.17102,0.31706205,320.26172,444.26132,0.13315631
275.8736,247.17642,0.3115224,326.7924,444.25568,0.1457386
275.88412,247.17381,0.31723142,320.2781,446.87805,0.14177158
275.90503,245.89352,0.30499834,318.97455,444.27063,0.14579977
277.2016,244.54272,0.3017695,328.08875,442.96686,0.16794291
275.91312,245.86363,0.30140963,318.98148,445.5632,0.16476688
277.18164,244.56197,0.29881036,325.4834,442.95172,0.16964525
277.1825,244.56953,0.29719287,322.88174,444.25165,0.16447711
277.20538,244.54596,0.29080424,318.94882,445.56595,0.17941543
275.91266,245.86076,0.2959588,318.95575,445.55792,0.16949564
277.19952,244.57336,0.2969512,326.8011,444.26535,0.16870332
277.20337,244.57124,0.30374458,321.57977,444.25757,0.15384132
277.17526,244.56683,0.2983123,326.79163,442.9542,0.15935034
277.1911,244.56245,0.30062965,320.26636,444.25412,0.16014089
277.2048,244.54947,0.29169178,322.8782,442.9537,0.16048558
277.1972,244.56631,0.29403695,326.7933,444.25867,0.15851398
277.20926,244.56596,0.297306,320.26086,444.26382,0.16237183
277.2061,244.53937,0.2879524,321.58337,441.64343,0.14909971
277.21567,244.57903,0.2950734,320.26477,442.95773,0.16645817
277.188,244.58813,0.29855523,315.05145,445.57605,0.17445047
277.21445,244.54979,0.2923053,321.58112,442.95502,0.14844708
277.1928,244.58092,0.30741313,324.17877,440.33878,0.16885996
277.1927,244.57408,0.30546653,318.94974,444.2677,0.16185959
277.19165,244.57678,0.30868238,328.11108,444.24548,0.1676445
277.20273,244.55592,0.29851037,318.95517,444.27435,0.1569122
277.1913,244.57678,0.29762104,318.97736,444.26782,0.15140042
277.19952,244.58994,0.30613336,328.09732,442.95422,0.16649882
277.1818,244.5791,0.30859315,318.96347,444.25693,0.15921135
277.19498,244.57121,0.3007285,321.5728,442.95142,0.1678008
277.2045,244.5644,0.30441788,318.9711,442.96655,0.1785121
277.21545,244.58951,0.29557705,321.58514,442.9589,0.15149689
277.17297,247.17822,0.3502663,329.39908,444.2484,0.1689287
277.20438,247.18103,0.38213867,318.95053,444.26263,0.16742228
285.01498,244.55421,0.3408572,317.6554,449.4743,0.16752101
287.62872,243.2582,0.35957453,324.17813,445.57147,0.14650357
292.87378,239.35818,0.55420065,324.18106,441.63763,0.18371923
296.76962,236.76704,0.63165426,317.665,439.04327,0.22386475
301.97812,235.44994,0.60546035,326.80423,440.34824,0.21466853
307.2391,235.48381,0.6432708,320.28305,441.64862,0.20172375
311.13287,236.73842,0.6173588,320.27405,445.57224,0.16401075
315.04578,236.74097,0.60294807,333.3149,436.44427,0.20179883
318.93942,236.77777,0.62264913,328.08426,439.0474,0.2088657
318.99066,241.93352,0.62885326,324.179,437.7377,0.21836734
322.89954,239.3484,0.60239434,311.13678,449.47192,0.24249399
326.81033,241.95647,0.6250833,307.2315,450.77176,0.26819757
326.7786,249.77863,0.49517685,302.00034,454.70117,0.23999092
320.2579,257.6374,0.37085465,308.50842,450.7816,0.13464737
302.00195,266.74155,0.18470812,0.0,0.0,0.0
0.0,0.0,0.0,0.0,0.0,0.0
0.0,0.0,0.0,0.0,0.0,0.0
0.0,0.0,0.0,0.0,0.0,0.0
0.0,0.0,0.0,0.0,0.0,0.0
381.6105,264.10532,0.70222753,335.93054,463.836,0.18894972
381.60782,262.81818,0.6970058,335.93707,463.83173,0.19163626
381.60632,261.55164,0.69717264,335.92636,466.44406,0.1897082
381.61057,261.5201,0.6941222,333.31424,462.5315,0.20263852
381.62943,261.5502,0.69091576,339.83078,469.06937,0.18907748
381.66016,261.55392,0.68940616,330.70474,463.8337,0.1886896
381.64523,262.84174,0.6963485,328.08832,457.32086,0.18378927
381.65366,262.83807,0.69417405,329.39255,456.01193,0.21634965
381.65698,262.83105,0.69394034,335.92062,462.5306,0.20553805
382.8983,262.85114,0.69157654,333.31345,463.83734,0.20057508
381.64,262.8539,0.70179826,330.7056,458.6314,0.22739285
381.6274,262.85742,0.6988935,329.41974,461.2289,0.22750491
381.59622,264.11264,0.70839196,333.3167,462.526,0.23009811
381.59674,264.10526,0.70686173,335.9398,465.15515,0.22395582
381.5777,264.1014,0.7069948,338.5458,465.13327,0.25328532
380.34814,262.84268,0.7044964,337.2328,463.83624,0.24586864
380.32858,262.85486,0.71159,335.93048,465.1486,0.24951209
380.3247,262.81772,0.7142122,333.32346,465.14822,0.24419613
380.32544,262.828,0.70913035,333.3277,465.13052,0.25726706
380.33844,262.83,0.7061092,334.6192,466.46722,0.24752466
380.3173,262.83136,0.7079772,328.0868,459.9252,0.20891902
380.31168,262.8197,0.70805717,328.106,458.61676,0.22977017
380.31824,261.5368,0.7049974,326.80063,461.22397,0.23238073
380.3407,262.8291,0.7050053,333.32867,476.8933,0.21659067
381.57486,262.8356,0.713089,334.6287,462.53806,0.24368872
380.31714,262.8538,0.70974255,334.61462,466.44992,0.24731635
380.2506,262.8255,0.6973991,333.3291,462.5297,0.25185308
376.37894,262.85535,0.6799051,335.93146,465.12784,0.2577866
373.80426,264.09988,0.6831695,335.93848,461.2279,0.2611189
375.06805,262.83582,0.6783611,334.61896,458.62762,0.2728287
373.80438,262.83438,0.6809648,332.0133,457.3088,0.25111675
372.47998,264.11868,0.71204317,332.0244,456.0026,0.25958347
371.20792,264.1514,0.731689,334.6304,457.31705,0.26062807
371.17184,265.39987,0.7375203,335.93246,457.31738,0.24509118
371.16113,265.41782,0.73311764,330.72177,457.32507,0.2395618
369.9108,265.43124,0.73036647,338.54153,459.9195,0.2452297
371.12738,265.411,0.72150207,335.92325,458.61102,0.24196137
369.9073,265.40674,0.7276499,338.53934,458.62436,0.24141213
371.17767,265.4093,0.7211908,338.53024,463.82697,0.23753454
371.16843,265.4169,0.72807467,338.54346,461.23404,0.21940708
372.47177,265.41095,0.71468407,339.86002,465.1322,0.21735239
373.80872,264.1548,0.68702793,338.56158,461.22968,0.24491356
377.68335,265.4155,0.68697774,339.85657,465.13327,0.25792128
378.98904,264.13455,0.6741224,339.85336,465.14642,0.2261572
378.98407,264.13614,0.66562665,341.15915,463.82666,0.20650801
377.6852,264.11356,0.6541433,334.62003,457.31146,0.22200397
380.31345,261.5384,0.67039204,325.48984,458.61545,0.18563673
380.29367,260.21927,0.69295514,334.61765,467.75818,0.17113546
373.80048,262.82425,0.676646,332.02075,466.4501,0.18539825
371.1991,265.3886,0.72335947,334.63135,476.90964,0.15887249
371.14584,265.41168,0.73578393,342.4544,476.90082,0.16564697
369.8636,265.3885,0.71816385,337.23807,476.8975,0.14845899
368.5742,265.41412,0.699262,343.75674,476.90887,0.15408957
368.5305,265.40927,0.71091545,337.24008,476.8983,0.15817185
365.9689,265.46582,0.7136123,342.4488,476.8992,0.1708582
365.9491,266.71677,0.73220545,348.9881,476.89413,0.18849066
367.23087,266.75067,0.74253297,347.66858,476.8929,0.1841755
367.2608,266.762,0.7509575,345.0699,465.13763,0.18774362
368.58163,266.76956,0.7619374,350.29095,467.769,0.17580108
369.90463,266.75616,0.78735423,348.9889,466.44534,0.1901172
371.18005,266.767,0.7732865,342.4645,463.8307,0.19505866
371.2263,266.73715,0.7731008,348.98944,462.52917,0.21818013
373.7995,266.74805,0.75412434,339.85422,457.32822,0.22490695
377.66812,266.75433,0.74868757,348.98068,463.83484,0.24858941
378.96216,266.746,0.7571497,348.98615,461.2152,0.23476529
378.98117,266.72003,0.75708485,354.1964,466.4655,0.1934669
378.97705,266.73193,0.7516395,354.2074,465.15427,0.19422221
379.00833,266.75223,0.7645895,362.04388,463.82828,0.26484305
380.29883,266.70966,0.77946115,348.9713,453.40573,0.23854135
381.59988,265.46884,0.77484334,365.93964,457.32333,0.25181592
381.6294,265.48566,0.77117395,356.81158,454.67624,0.27240616
386.83258,265.47275,0.75140727,362.04416,458.6119,0.26260808
392.03043,265.47635,0.7808982,347.66757,450.7839,0.2633296
395.97235,265.41605,0.73001504,355.50485,449.49286,0.3218062
402.44934,265.46356,0.7748117,356.8043,452.08398,0.3179856
403.78134,265.45404,0.746711,355.51672,452.09976,0.3277927
409.00464,265.4568,0.7171669,362.04944,450.80087,0.28942835
411.6109,265.46832,0.7273279,375.09323,454.67737,0.24055244
412.9621,265.4323,0.72134155,375.09442,454.67688,0.26976
412.99344,264.10358,0.6966534,377.6942,453.4094,0.21771263
412.96933,260.23608,0.70889807,379.00766,448.1691,0.24554785
412.9512,257.63852,0.732362,379.00873,450.78107,0.21065827
412.93692,256.37808,0.74339473,389.44833,445.5608,0.27047458
411.64154,256.37033,0.73119575,388.13702,442.95676,0.25418895
410.30508,256.31647,0.71822107,380.30533,442.95428,0.27296045
406.4053,255.02087,0.71757555,373.7928,444.25378,0.2824383
401.23386,254.97562,0.77534056,375.0846,445.58475,0.24591166
397.29163,251.11218,0.681902,369.87476,449.47696,0.24572605
395.96027,244.54321,0.6666424,378.9755,442.96866,0.34072006
390.71506,245.85202,0.6534307,379.0017,445.55627,0.33568227
390.73032,244.58032,0.6586561,381.6422,446.87802,0.32587183
386.81638,245.89554,0.6122732,390.7537,444.25595,0.33886325
382.89645,249.7979,0.5766437,390.74786,442.94,0.32369727
376.39645,253.7233,0.61501324,386.83725,437.7365,0.35534826
372.45612,252.37297,0.6161676,389.45105,442.97284,0.3498636
369.90662,253.71298,0.66152257,389.4206,442.96603,0.33770442
365.95285,253.69505,0.6300078,380.31467,445.55966,0.343133
360.70715,252.38342,0.6215804,380.28378,444.24387,0.35247034
352.91364,253.68053,0.6269378,376.37555,441.63797,0.34972617
350.31992,248.50842,0.62491703,371.16418,439.04428,0.34541988
350.32147,245.86057,0.6212723,362.03973,433.83432,0.380492
354.20328,241.96803,0.6117374,354.20438,432.53632,0.38710365
356.80704,236.7375,0.6310839,358.09778,427.3108,0.34233394
360.7088,234.1537,0.62937117,350.27643,426.0012,0.32868636
362.06268,234.1172,0.59567136,348.9824,418.14505,0.3845355
364.63934,234.07953,0.5737026,351.58096,422.05753,0.36422557
365.93774,235.43347,0.5946008,348.98184,419.4735,0.36639693
367.249,239.33733,0.5827539,352.88147,427.29437,0.35855618
367.2634,244.58722,0.6287036,360.7621,433.80365,0.35260916
368.53345,252.41501,0.64278394,363.34827,442.9756,0.36460233
369.85986,256.30655,0.67661554,369.84906,448.18936,0.34148428
371.12958,265.43365,0.7106482,373.7985,450.79013,0.36717808
371.19205,265.45126,0.7154929,373.77557,454.71405,0.2998561
372.50323,262.8439,0.68383276,382.9376,453.39386,0.32500842
376.37634,264.13943,0.6997641,380.2997,452.0756,0.3422408
376.38013,265.38806,0.7081829,380.30228,448.1731,0.36432192
378.9657,265.39838,0.7247695,381.61206,449.4875,0.3385088
379.02454,264.14337,0.7465725,379.02075,444.27975,0.40593612
380.32068,262.83215,0.732188,377.71036,442.93762,0.41126445
381.6355,262.81567,0.7161205,380.3411,439.03244,0.43886718
382.93314,261.519,0.6903243,380.33337,440.34973,0.43489113
386.83508,258.94885,0.66739345,384.2083,439.0286,0.43091643
390.72766,257.60938,0.7182024,381.6484,439.05096,0.41070953
392.10062,256.30392,0.73353165,380.2926,442.93622,0.39645252
394.6662,255.01915,0.7126908,376.37738,442.93475,0.39242986
394.6814,255.00134,0.70910835,376.3998,442.9569,0.3910477
394.67886,254.97443,0.7125037,378.97382,439.04047,0.3999762
393.37558,254.9502,0.7132279,378.9783,436.41772,0.41726923
392.0915,254.97826,0.7330866,380.278,436.43756,0.41450378
390.72855,255.01805,0.7426268,373.79016,436.42575,0.40964723
389.4061,255.05414,0.72548735,376.3947,437.74686,0.4025014
382.95856,256.2751,0.71007144,371.17807,433.85364,0.43036506
381.5983,256.29745,0.7349862,377.70975,440.3603,0.41194904
381.56924,256.2756,0.7423307,375.08685,441.64023,0.38022047
380.3405,256.26974,0.747272,375.0818,441.65607,0.4043471
380.3372,256.29892,0.73617846,376.38428,444.25546,0.37725663
380.34332,256.36072,0.7223395,375.09634,444.25635,0.38915262
381.5939,256.31567,0.73588985,375.08487,440.34647,0.39545768
381.64676,256.306,0.7209649,373.77582,445.56274,0.35045618
384.22366,256.26877,0.7141675,378.99246,442.946,0.3974708
386.82364,254.99467,0.7172481,378.97455,439.02942,0.4031996
385.54553,255.0164,0.7140219,380.29825,441.62946,0.42844915
385.52924,255.04112,0.7190809,377.7002,444.2466,0.3670354
385.51617,255.02332,0.71136326,379.00272,444.23676,0.39423892
382.96155,255.00891,0.717198,378.9759,442.93228,0.41094515
386.8472,253.71765,0.6941329,380.3074,441.65982,0.39961213
384.2465,253.70998,0.69353724,380.2947,442.96082,0.38780084
382.92114,253.70828,0.71863925,376.37488,444.24615,0.34804943
381.58435,253.68825,0.70617855,373.78854,440.34146,0.4007737
380.24802,253.6971,0.7127607,373.77917,440.35098,0.38797644
372.52222,253.66133,0.6970146,372.4697,439.0291,0.41166553
371.16455,252.38869,0.7152158,372.4739,439.0275,0.41480488
369.87292,252.39856,0.7169804,365.95746,441.6385,0.40776616
368.54178,252.38295,0.701267,368.57602,441.66052,0.36732435
367.2585,253.66835,0.69186634,367.2549,444.26382,0.35265398
364.6649,253.717,0.7016248,364.6329,442.9497,0.3666403
367.2527,255.0095,0.7247132,369.86447,439.0345,0.4092165
367.25113,255.0121,0.7194939,369.857,436.44885,0.42144236
368.52847,255.03331,0.7371076,371.19208,437.7428,0.41150257
368.55545,255.00151,0.7461775,369.88806,436.44055,0.41559872
368.53503,255.01787,0.74648917,372.4712,439.03787,0.39967665
367.245,255.01678,0.73781455,371.1742,439.04626,0.40582868
365.9332,255.02536,0.72811973,371.17145,439.04144,0.3987698
364.66177,255.03233,0.7292639,371.14426,439.0406,0.38765198
365.94864,255.02205,0.73463905,371.19937,437.72647,0.4099343
363.36597,255.03508,0.7372065,372.47183,436.43338,0.40693128
364.62808,255.02231,0.73186976,371.20486,437.7314,0.4156866
